0000000000 00000000
0000000001 00000001
0000000010 00000010
0000000011 00000011
0000000100 00000100
0000000101 00000101
0000000110 00000110
0000000111 00000111
0000001000 00001000
0000001001 00001001
0000001010 00001010
0000001011 00001011
0000001100 00001100
0000001101 00001101
0000001110 00001110
0000001111 00001111
0000010000 00010000
0000010001 00010001
0000010010 00010010
0000010011 00010011
0000010100 00010100
0000010101 00010101
0000010110 00010110
0000010111 00010111
0000011000 00011000
0000011001 00011001
0000011010 00011010
0000011011 00011011
0000011100 00011100
0000011101 00011101
0000011110 00011110
0000011111 00011111
0000100000 00100000
0000100001 00100001
0000100010 00100010
0000100011 00100011
0000100100 00100100
0000100101 00100101
0000100110 00100110
0000100111 00100111
0000101000 00101000
0000101001 00101001
0000101010 00101010
0000101011 00101011
0000101100 00101100
0000101101 00101101
0000101110 00101110
0000101111 00101111
0000110000 00110000
0000110001 00110001
0000110010 00110010
0000110011 00110011
0000110100 00110100
0000110101 00110101
0000110110 00110110
0000110111 00110111
0000111000 00111000
0000111001 00111001
0000111010 00111010
0000111011 00111011
0000111100 00111100
0000111101 00111101
0000111110 00111110
0000111111 00111111
0001000000 01000000
0001000001 01000001
0001000010 01000010
0001000011 01000011
0001000100 01000100
0001000101 01000101
0001000110 01000110
0001000111 01000111
0001001000 01001000
0001001001 01001001
0001001010 01001010
0001001011 01001011
0001001100 01001100
0001001101 01001101
0001001110 01001110
0001001111 01001111
0001010000 01010000
0001010001 01010001
0001010010 01010010
0001010011 01010011
0001010100 01010100
0001010101 01010101
0001010110 01010110
0001010111 01010111
0001011000 01011000
0001011001 01011001
0001011010 01011010
0001011011 01011011
0001011100 01011100
0001011101 01011101
0001011110 01011110
0001011111 01011111
0001100000 01100000
0001100001 01100001
0001100010 01100010
0001100011 01100011
0001100100 01100100
0001100101 01100101
0001100110 01100110
0001100111 01100111
0001101000 01101000
0001101001 01101001
0001101010 01101010
0001101011 01101011
0001101100 01101100
0001101101 01101101
0001101110 01101110
0001101111 01101111
0001110000 01110000
0001110001 01110001
0001110010 01110010
0001110011 01110011
0001110100 01110100
0001110101 01110101
0001110110 01110110
0001110111 01110111
0001111000 01111000
0001111001 01111001
0001111010 01111010
0001111011 01111011
0001111100 01111100
0001111101 01111101
0001111110 01111110
0001111111 01111111
0010000000 10000000
0010000001 10000001
0010000010 10000010
0010000011 10000011
0010000100 10000100
0010000101 10000101
0010000110 10000110
0010000111 10000111
0010001000 10001000
0010001001 10001001
0010001010 10001010
0010001011 10001011
0010001100 10001100
0010001101 10001101
0010001110 10001110
0010001111 10001111
0010010000 10010000
0010010001 10010001
0010010010 10010010
0010010011 10010011
0010010100 10010100
0010010101 10010101
0010010110 10010110
0010010111 10010111
0010011000 10011000
0010011001 10011001
0010011010 10011010
0010011011 10011011
0010011100 10011100
0010011101 10011101
0010011110 10011110
0010011111 10011111
0010100000 10100000
0010100001 10100001
0010100010 10100010
0010100011 10100011
0010100100 10100100
0010100101 10100101
0010100110 10100110
0010100111 10100111
0010101000 10101000
0010101001 10101001
0010101010 10101010
0010101011 10101011
0010101100 10101100
0010101101 10101101
0010101110 10101110
0010101111 10101111
0010110000 10110000
0010110001 10110001
0010110010 10110010
0010110011 10110011
0010110100 10110100
0010110101 10110101
0010110110 10110110
0010110111 10110111
0010111000 10111000
0010111001 10111001
0010111010 10111010
0010111011 10111011
0010111100 10111100
0010111101 10111101
0010111110 10111110
0010111111 10111111
0011000000 11000000
0011000001 11000001
0011000010 11000010
0011000011 11000011
0011000100 11000100
0011000101 11000101
0011000110 11000110
0011000111 11000111
0011001000 11001000
0011001001 11001001
0011001010 11001010
0011001011 11001011
0011001100 11001100
0011001101 11001101
0011001110 11001110
0011001111 11001111
0011010000 11010000
0011010001 11010001
0011010010 11010010
0011010011 11010011
0011010100 11010100
0011010101 11010101
0011010110 11010110
0011010111 11010111
0011011000 11011000
0011011001 11011001
0011011010 11011010
0011011011 11011011
0011011100 11011100
0011011101 11011101
0011011110 11011110
0011011111 11011111
0011100000 11100000
0011100001 11100001
0011100010 11100010
0011100011 11100011
0011100100 11100100
0011100101 11100101
0011100110 11100110
0011100111 11100111
0011101000 11101000
0011101001 11101001
0011101010 11101010
0011101011 11101011
0011101100 11101100
0011101101 11101101
0011101110 11101110
0011101111 11101111
0011110000 11110000
0011110001 11110001
0011110010 11110010
0011110011 11110011
0011110100 11110100
0011110101 11110101
0011110110 11110110
0011110111 11110111
0011111000 11111000
0011111001 11111001
0011111010 11111010
0011111011 11111011
0011111100 11111100
0011111101 11111101
0011111110 11111110
0011111111 11111111
0100000000 00000000
0100000001 00000001
0100000010 00000010
0100000011 00000011
0100000100 00000100
0100000101 00000101
0100000110 00000110
0100000111 00000111
0100001000 00001000
0100001001 00001001
0100001010 00001010
0100001011 00001011
0100001100 00001100
0100001101 00001101
0100001110 00001110
0100001111 00001111
0100010000 00000001
ERROR: line 274
0100010001 00000000
0100010010 00000011
ERROR: line 276
0100010011 00000010
0100010100 00000101
ERROR: line 278
0100010101 00000100
0100010110 00000111
ERROR: line 280
0100010111 00000110
0100011000 00001001
ERROR: line 282
0100011001 00001000
0100011010 00001011
ERROR: line 284
0100011011 00001010
0100011100 00001101
ERROR: line 286
0100011101 00001100
0100011110 00001111
ERROR: line 288
0100011111 00001110
0100100000 00000010
0100100001 00000011
ERROR: line 291
0100100010 00000000
ERROR: line 292
0100100011 00000001
0100100100 00000110
0100100101 00000111
ERROR: line 295
0100100110 00000100
ERROR: line 296
0100100111 00000101
0100101000 00001010
0100101001 00001011
ERROR: line 299
0100101010 00001000
ERROR: line 300
0100101011 00001001
0100101100 00001110
0100101101 00001111
ERROR: line 303
0100101110 00001100
ERROR: line 304
0100101111 00001101
0100110000 00000011
ERROR: line 306
0100110001 00000010
ERROR: line 307
0100110010 00000001
ERROR: line 308
0100110011 00000000
0100110100 00000111
ERROR: line 310
0100110101 00000110
ERROR: line 311
0100110110 00000101
ERROR: line 312
0100110111 00000100
0100111000 00001011
ERROR: line 314
0100111001 00001010
ERROR: line 315
0100111010 00001001
ERROR: line 316
0100111011 00001000
0100111100 00001111
ERROR: line 318
0100111101 00001110
ERROR: line 319
0100111110 00001101
ERROR: line 320
0100111111 00001100
0101000000 00000100
0101000001 00000101
0101000010 00000110
0101000011 00000111
ERROR: line 325
0101000100 00000000
ERROR: line 326
0101000101 00000001
ERROR: line 327
0101000110 00000010
ERROR: line 328
0101000111 00000011
0101001000 00001100
0101001001 00001101
0101001010 00001110
0101001011 00001111
ERROR: line 333
0101001100 00001000
ERROR: line 334
0101001101 00001001
ERROR: line 335
0101001110 00001010
ERROR: line 336
0101001111 00001011
0101010000 00000101
ERROR: line 338
0101010001 00000100
0101010010 00000111
ERROR: line 340
0101010011 00000110
ERROR: line 341
0101010100 00000001
ERROR: line 342
0101010101 00000000
ERROR: line 343
0101010110 00000011
ERROR: line 344
0101010111 00000010
0101011000 00001101
ERROR: line 346
0101011001 00001100
0101011010 00001111
ERROR: line 348
0101011011 00001110
ERROR: line 349
0101011100 00001001
ERROR: line 350
0101011101 00001000
ERROR: line 351
0101011110 00001011
ERROR: line 352
0101011111 00001010
0101100000 00000110
0101100001 00000111
ERROR: line 355
0101100010 00000100
ERROR: line 356
0101100011 00000101
ERROR: line 357
0101100100 00000010
ERROR: line 358
0101100101 00000011
ERROR: line 359
0101100110 00000000
ERROR: line 360
0101100111 00000001
0101101000 00001110
0101101001 00001111
ERROR: line 363
0101101010 00001100
ERROR: line 364
0101101011 00001101
ERROR: line 365
0101101100 00001010
ERROR: line 366
0101101101 00001011
ERROR: line 367
0101101110 00001000
ERROR: line 368
0101101111 00001001
0101110000 00000111
ERROR: line 370
0101110001 00000110
ERROR: line 371
0101110010 00000101
ERROR: line 372
0101110011 00000100
ERROR: line 373
0101110100 00000011
ERROR: line 374
0101110101 00000010
ERROR: line 375
0101110110 00000001
ERROR: line 376
0101110111 00000000
0101111000 00001111
ERROR: line 378
0101111001 00001110
ERROR: line 379
0101111010 00001101
ERROR: line 380
0101111011 00001100
ERROR: line 381
0101111100 00001011
ERROR: line 382
0101111101 00001010
ERROR: line 383
0101111110 00001001
ERROR: line 384
0101111111 00001000
0110000000 00001000
0110000001 00001001
0110000010 00001010
0110000011 00001011
0110000100 00001100
0110000101 00001101
0110000110 00001110
0110000111 00001111
ERROR: line 393
0110001000 00000000
ERROR: line 394
0110001001 00000001
ERROR: line 395
0110001010 00000010
ERROR: line 396
0110001011 00000011
ERROR: line 397
0110001100 00000100
ERROR: line 398
0110001101 00000101
ERROR: line 399
0110001110 00000110
ERROR: line 400
0110001111 00000111
0110010000 00001001
ERROR: line 402
0110010001 00001000
0110010010 00001011
ERROR: line 404
0110010011 00001010
0110010100 00001101
ERROR: line 406
0110010101 00001100
0110010110 00001111
ERROR: line 408
0110010111 00001110
ERROR: line 409
0110011000 00000001
ERROR: line 410
0110011001 00000000
ERROR: line 411
0110011010 00000011
ERROR: line 412
0110011011 00000010
ERROR: line 413
0110011100 00000101
ERROR: line 414
0110011101 00000100
ERROR: line 415
0110011110 00000111
ERROR: line 416
0110011111 00000110
0110100000 00001010
0110100001 00001011
ERROR: line 419
0110100010 00001000
ERROR: line 420
0110100011 00001001
0110100100 00001110
0110100101 00001111
ERROR: line 423
0110100110 00001100
ERROR: line 424
0110100111 00001101
ERROR: line 425
0110101000 00000010
ERROR: line 426
0110101001 00000011
ERROR: line 427
0110101010 00000000
ERROR: line 428
0110101011 00000001
ERROR: line 429
0110101100 00000110
ERROR: line 430
0110101101 00000111
ERROR: line 431
0110101110 00000100
ERROR: line 432
0110101111 00000101
0110110000 00001011
ERROR: line 434
0110110001 00001010
ERROR: line 435
0110110010 00001001
ERROR: line 436
0110110011 00001000
0110110100 00001111
ERROR: line 438
0110110101 00001110
ERROR: line 439
0110110110 00001101
ERROR: line 440
0110110111 00001100
ERROR: line 441
0110111000 00000011
ERROR: line 442
0110111001 00000010
ERROR: line 443
0110111010 00000001
ERROR: line 444
0110111011 00000000
ERROR: line 445
0110111100 00000111
ERROR: line 446
0110111101 00000110
ERROR: line 447
0110111110 00000101
ERROR: line 448
0110111111 00000100
0111000000 00001100
0111000001 00001101
0111000010 00001110
0111000011 00001111
ERROR: line 453
0111000100 00001000
ERROR: line 454
0111000101 00001001
ERROR: line 455
0111000110 00001010
ERROR: line 456
0111000111 00001011
ERROR: line 457
0111001000 00000100
ERROR: line 458
0111001001 00000101
ERROR: line 459
0111001010 00000110
ERROR: line 460
0111001011 00000111
ERROR: line 461
0111001100 00000000
ERROR: line 462
0111001101 00000001
ERROR: line 463
0111001110 00000010
ERROR: line 464
0111001111 00000011
0111010000 00001101
ERROR: line 466
0111010001 00001100
0111010010 00001111
ERROR: line 468
0111010011 00001110
ERROR: line 469
0111010100 00001001
ERROR: line 470
0111010101 00001000
ERROR: line 471
0111010110 00001011
ERROR: line 472
0111010111 00001010
ERROR: line 473
0111011000 00000101
ERROR: line 474
0111011001 00000100
ERROR: line 475
0111011010 00000111
ERROR: line 476
0111011011 00000110
ERROR: line 477
0111011100 00000001
ERROR: line 478
0111011101 00000000
ERROR: line 479
0111011110 00000011
ERROR: line 480
0111011111 00000010
0111100000 00001110
0111100001 00001111
ERROR: line 483
0111100010 00001100
ERROR: line 484
0111100011 00001101
ERROR: line 485
0111100100 00001010
ERROR: line 486
0111100101 00001011
ERROR: line 487
0111100110 00001000
ERROR: line 488
0111100111 00001001
ERROR: line 489
0111101000 00000110
ERROR: line 490
0111101001 00000111
ERROR: line 491
0111101010 00000100
ERROR: line 492
0111101011 00000101
ERROR: line 493
0111101100 00000010
ERROR: line 494
0111101101 00000011
ERROR: line 495
0111101110 00000000
ERROR: line 496
0111101111 00000001
0111110000 00001111
ERROR: line 498
0111110001 00001110
ERROR: line 499
0111110010 00001101
ERROR: line 500
0111110011 00001100
ERROR: line 501
0111110100 00001011
ERROR: line 502
0111110101 00001010
ERROR: line 503
0111110110 00001001
ERROR: line 504
0111110111 00001000
ERROR: line 505
0111111000 00000111
ERROR: line 506
0111111001 00000110
ERROR: line 507
0111111010 00000101
ERROR: line 508
0111111011 00000100
ERROR: line 509
0111111100 00000011
ERROR: line 510
0111111101 00000010
ERROR: line 511
0111111110 00000001
ERROR: line 512
0111111111 00000000
1000000000 00000000
1000000001 00000001
1000000010 00000010
1000000011 00000011
1000000100 00000100
1000000101 00000101
1000000110 00000110
1000000111 00000111
1000001000 00001000
1000001001 00001001
1000001010 00001010
1000001011 00001011
1000001100 00001100
1000001101 00001101
1000001110 00001110
1000001111 00001111
1000010000 00000001
ERROR: line 530
1000010001 00000010
1000010010 00000011
ERROR: line 532
1000010011 00000100
1000010100 00000101
ERROR: line 534
1000010101 00000110
1000010110 00000111
ERROR: line 536
1000010111 00001000
1000011000 00001001
ERROR: line 538
1000011001 00001010
1000011010 00001011
ERROR: line 540
1000011011 00001100
1000011100 00001101
ERROR: line 542
1000011101 00001110
1000011110 00001111
ERROR: line 544
1000011111 00010000
1000100000 00000010
1000100001 00000011
ERROR: line 547
1000100010 00000100
ERROR: line 548
1000100011 00000101
1000100100 00000110
1000100101 00000111
ERROR: line 551
1000100110 00001000
ERROR: line 552
1000100111 00001001
1000101000 00001010
1000101001 00001011
ERROR: line 555
1000101010 00001100
ERROR: line 556
1000101011 00001101
1000101100 00001110
1000101101 00001111
ERROR: line 559
1000101110 00010000
ERROR: line 560
1000101111 00010001
1000110000 00000011
ERROR: line 562
1000110001 00000100
ERROR: line 563
1000110010 00000101
ERROR: line 564
1000110011 00000110
1000110100 00000111
ERROR: line 566
1000110101 00001000
ERROR: line 567
1000110110 00001001
ERROR: line 568
1000110111 00001010
1000111000 00001011
ERROR: line 570
1000111001 00001100
ERROR: line 571
1000111010 00001101
ERROR: line 572
1000111011 00001110
1000111100 00001111
ERROR: line 574
1000111101 00010000
ERROR: line 575
1000111110 00010001
ERROR: line 576
1000111111 00010010
1001000000 00000100
1001000001 00000101
1001000010 00000110
1001000011 00000111
ERROR: line 581
1001000100 00001000
ERROR: line 582
1001000101 00001001
ERROR: line 583
1001000110 00001010
ERROR: line 584
1001000111 00001011
1001001000 00001100
1001001001 00001101
1001001010 00001110
1001001011 00001111
ERROR: line 589
1001001100 00010000
ERROR: line 590
1001001101 00010001
ERROR: line 591
1001001110 00010010
ERROR: line 592
1001001111 00010011
1001010000 00000101
ERROR: line 594
1001010001 00000110
1001010010 00000111
ERROR: line 596
1001010011 00001000
ERROR: line 597
1001010100 00001001
ERROR: line 598
1001010101 00001010
ERROR: line 599
1001010110 00001011
ERROR: line 600
1001010111 00001100
1001011000 00001101
ERROR: line 602
1001011001 00001110
1001011010 00001111
ERROR: line 604
1001011011 00010000
ERROR: line 605
1001011100 00010001
ERROR: line 606
1001011101 00010010
ERROR: line 607
1001011110 00010011
ERROR: line 608
1001011111 00010100
1001100000 00000110
1001100001 00000111
ERROR: line 611
1001100010 00001000
ERROR: line 612
1001100011 00001001
ERROR: line 613
1001100100 00001010
ERROR: line 614
1001100101 00001011
ERROR: line 615
1001100110 00001100
ERROR: line 616
1001100111 00001101
1001101000 00001110
1001101001 00001111
ERROR: line 619
1001101010 00010000
ERROR: line 620
1001101011 00010001
ERROR: line 621
1001101100 00010010
ERROR: line 622
1001101101 00010011
ERROR: line 623
1001101110 00010100
ERROR: line 624
1001101111 00010101
1001110000 00000111
ERROR: line 626
1001110001 00001000
ERROR: line 627
1001110010 00001001
ERROR: line 628
1001110011 00001010
ERROR: line 629
1001110100 00001011
ERROR: line 630
1001110101 00001100
ERROR: line 631
1001110110 00001101
ERROR: line 632
1001110111 00001110
1001111000 00001111
ERROR: line 634
1001111001 00010000
ERROR: line 635
1001111010 00010001
ERROR: line 636
1001111011 00010010
ERROR: line 637
1001111100 00010011
ERROR: line 638
1001111101 00010100
ERROR: line 639
1001111110 00010101
ERROR: line 640
1001111111 00010110
1010000000 00001000
1010000001 00001001
1010000010 00001010
1010000011 00001011
1010000100 00001100
1010000101 00001101
1010000110 00001110
1010000111 00001111
ERROR: line 649
1010001000 00010000
ERROR: line 650
1010001001 00010001
ERROR: line 651
1010001010 00010010
ERROR: line 652
1010001011 00010011
ERROR: line 653
1010001100 00010100
ERROR: line 654
1010001101 00010101
ERROR: line 655
1010001110 00010110
ERROR: line 656
1010001111 00010111
1010010000 00001001
ERROR: line 658
1010010001 00001010
1010010010 00001011
ERROR: line 660
1010010011 00001100
1010010100 00001101
ERROR: line 662
1010010101 00001110
1010010110 00001111
ERROR: line 664
1010010111 00010000
ERROR: line 665
1010011000 00010001
ERROR: line 666
1010011001 00010010
ERROR: line 667
1010011010 00010011
ERROR: line 668
1010011011 00010100
ERROR: line 669
1010011100 00010101
ERROR: line 670
1010011101 00010110
ERROR: line 671
1010011110 00010111
ERROR: line 672
1010011111 00011000
1010100000 00001010
1010100001 00001011
ERROR: line 675
1010100010 00001100
ERROR: line 676
1010100011 00001101
1010100100 00001110
1010100101 00001111
ERROR: line 679
1010100110 00010000
ERROR: line 680
1010100111 00010001
ERROR: line 681
1010101000 00010010
ERROR: line 682
1010101001 00010011
ERROR: line 683
1010101010 00010100
ERROR: line 684
1010101011 00010101
ERROR: line 685
1010101100 00010110
ERROR: line 686
1010101101 00010111
ERROR: line 687
1010101110 00011000
ERROR: line 688
1010101111 00011001
1010110000 00001011
ERROR: line 690
1010110001 00001100
ERROR: line 691
1010110010 00001101
ERROR: line 692
1010110011 00001110
1010110100 00001111
ERROR: line 694
1010110101 00010000
ERROR: line 695
1010110110 00010001
ERROR: line 696
1010110111 00010010
ERROR: line 697
1010111000 00010011
ERROR: line 698
1010111001 00010100
ERROR: line 699
1010111010 00010101
ERROR: line 700
1010111011 00010110
ERROR: line 701
1010111100 00010111
ERROR: line 702
1010111101 00011000
ERROR: line 703
1010111110 00011001
ERROR: line 704
1010111111 00011010
1011000000 00001100
1011000001 00001101
1011000010 00001110
1011000011 00001111
ERROR: line 709
1011000100 00010000
ERROR: line 710
1011000101 00010001
ERROR: line 711
1011000110 00010010
ERROR: line 712
1011000111 00010011
ERROR: line 713
1011001000 00010100
ERROR: line 714
1011001001 00010101
ERROR: line 715
1011001010 00010110
ERROR: line 716
1011001011 00010111
ERROR: line 717
1011001100 00011000
ERROR: line 718
1011001101 00011001
ERROR: line 719
1011001110 00011010
ERROR: line 720
1011001111 00011011
1011010000 00001101
ERROR: line 722
1011010001 00001110
1011010010 00001111
ERROR: line 724
1011010011 00010000
ERROR: line 725
1011010100 00010001
ERROR: line 726
1011010101 00010010
ERROR: line 727
1011010110 00010011
ERROR: line 728
1011010111 00010100
ERROR: line 729
1011011000 00010101
ERROR: line 730
1011011001 00010110
ERROR: line 731
1011011010 00010111
ERROR: line 732
1011011011 00011000
ERROR: line 733
1011011100 00011001
ERROR: line 734
1011011101 00011010
ERROR: line 735
1011011110 00011011
ERROR: line 736
1011011111 00011100
1011100000 00001110
1011100001 00001111
ERROR: line 739
1011100010 00010000
ERROR: line 740
1011100011 00010001
ERROR: line 741
1011100100 00010010
ERROR: line 742
1011100101 00010011
ERROR: line 743
1011100110 00010100
ERROR: line 744
1011100111 00010101
ERROR: line 745
1011101000 00010110
ERROR: line 746
1011101001 00010111
ERROR: line 747
1011101010 00011000
ERROR: line 748
1011101011 00011001
ERROR: line 749
1011101100 00011010
ERROR: line 750
1011101101 00011011
ERROR: line 751
1011101110 00011100
ERROR: line 752
1011101111 00011101
1011110000 00001111
ERROR: line 754
1011110001 00010000
ERROR: line 755
1011110010 00010001
ERROR: line 756
1011110011 00010010
ERROR: line 757
1011110100 00010011
ERROR: line 758
1011110101 00010100
ERROR: line 759
1011110110 00010101
ERROR: line 760
1011110111 00010110
ERROR: line 761
1011111000 00010111
ERROR: line 762
1011111001 00011000
ERROR: line 763
1011111010 00011001
ERROR: line 764
1011111011 00011010
ERROR: line 765
1011111100 00011011
ERROR: line 766
1011111101 00011100
ERROR: line 767
1011111110 00011101
ERROR: line 768
1011111111 00011110
1100000000 00000000
1100000001 00000000
1100000010 00000000
1100000011 00000000
1100000100 00000000
1100000101 00000000
1100000110 00000000
1100000111 00000000
1100001000 00000000
1100001001 00000000
1100001010 00000000
1100001011 00000000
1100001100 00000000
1100001101 00000000
1100001110 00000000
1100001111 00000000
1100010000 00000010
1100010001 00000010
1100010010 00000010
1100010011 00000010
1100010100 00000010
1100010101 00000010
1100010110 00000010
1100010111 00000010
1100011000 00000010
1100011001 00000010
1100011010 00000010
1100011011 00000010
1100011100 00000010
1100011101 00000010
1100011110 00000010
1100011111 00000010
1100100000 00000100
1100100001 00000100
1100100010 00000100
1100100011 00000100
1100100100 00000100
1100100101 00000100
1100100110 00000100
1100100111 00000100
1100101000 00000100
1100101001 00000100
1100101010 00000100
1100101011 00000100
1100101100 00000100
1100101101 00000100
1100101110 00000100
1100101111 00000100
1100110000 00000110
1100110001 00000110
1100110010 00000110
1100110011 00000110
1100110100 00000110
1100110101 00000110
1100110110 00000110
1100110111 00000110
1100111000 00000110
1100111001 00000110
1100111010 00000110
1100111011 00000110
1100111100 00000110
1100111101 00000110
1100111110 00000110
1100111111 00000110
1101000000 00001000
1101000001 00001000
1101000010 00001000
1101000011 00001000
1101000100 00001000
1101000101 00001000
1101000110 00001000
1101000111 00001000
1101001000 00001000
1101001001 00001000
1101001010 00001000
1101001011 00001000
1101001100 00001000
1101001101 00001000
1101001110 00001000
1101001111 00001000
1101010000 00001010
1101010001 00001010
1101010010 00001010
1101010011 00001010
1101010100 00001010
1101010101 00001010
1101010110 00001010
1101010111 00001010
1101011000 00001010
1101011001 00001010
1101011010 00001010
1101011011 00001010
1101011100 00001010
1101011101 00001010
1101011110 00001010
1101011111 00001010
1101100000 00001100
1101100001 00001100
1101100010 00001100
1101100011 00001100
1101100100 00001100
1101100101 00001100
1101100110 00001100
1101100111 00001100
1101101000 00001100
1101101001 00001100
1101101010 00001100
1101101011 00001100
1101101100 00001100
1101101101 00001100
1101101110 00001100
1101101111 00001100
1101110000 00001110
1101110001 00001110
1101110010 00001110
1101110011 00001110
1101110100 00001110
1101110101 00001110
1101110110 00001110
1101110111 00001110
1101111000 00001110
1101111001 00001110
1101111010 00001110
1101111011 00001110
1101111100 00001110
1101111101 00001110
1101111110 00001110
1101111111 00001110
1110000000 00010000
1110000001 00010000
1110000010 00010000
1110000011 00010000
1110000100 00010000
1110000101 00010000
1110000110 00010000
1110000111 00010000
1110001000 00010000
1110001001 00010000
1110001010 00010000
1110001011 00010000
1110001100 00010000
1110001101 00010000
1110001110 00010000
1110001111 00010000
1110010000 00010010
1110010001 00010010
1110010010 00010010
1110010011 00010010
1110010100 00010010
1110010101 00010010
1110010110 00010010
1110010111 00010010
1110011000 00010010
1110011001 00010010
1110011010 00010010
1110011011 00010010
1110011100 00010010
1110011101 00010010
1110011110 00010010
1110011111 00010010
1110100000 00010100
1110100001 00010100
1110100010 00010100
1110100011 00010100
1110100100 00010100
1110100101 00010100
1110100110 00010100
1110100111 00010100
1110101000 00010100
1110101001 00010100
1110101010 00010100
1110101011 00010100
1110101100 00010100
1110101101 00010100
1110101110 00010100
1110101111 00010100
1110110000 00010110
1110110001 00010110
1110110010 00010110
1110110011 00010110
1110110100 00010110
1110110101 00010110
1110110110 00010110
1110110111 00010110
1110111000 00010110
1110111001 00010110
1110111010 00010110
1110111011 00010110
1110111100 00010110
1110111101 00010110
1110111110 00010110
1110111111 00010110
1111000000 00011000
1111000001 00011000
1111000010 00011000
1111000011 00011000
1111000100 00011000
1111000101 00011000
1111000110 00011000
1111000111 00011000
1111001000 00011000
1111001001 00011000
1111001010 00011000
1111001011 00011000
1111001100 00011000
1111001101 00011000
1111001110 00011000
1111001111 00011000
1111010000 00011010
1111010001 00011010
1111010010 00011010
1111010011 00011010
1111010100 00011010
1111010101 00011010
1111010110 00011010
1111010111 00011010
1111011000 00011010
1111011001 00011010
1111011010 00011010
1111011011 00011010
1111011100 00011010
1111011101 00011010
1111011110 00011010
1111011111 00011010
1111100000 00011100
1111100001 00011100
1111100010 00011100
1111100011 00011100
1111100100 00011100
1111100101 00011100
1111100110 00011100
1111100111 00011100
1111101000 00011100
1111101001 00011100
1111101010 00011100
1111101011 00011100
1111101100 00011100
1111101101 00011100
1111101110 00011100
1111101111 00011100
1111110000 00011110
1111110001 00011110
1111110010 00011110
1111110011 00011110
1111110100 00011110
1111110101 00011110
1111110110 00011110
1111110111 00011110
1111111000 00011110
1111111001 00011110
1111111010 00011110
1111111011 00011110
1111111100 00011110
1111111101 00011110
1111111110 00011110
1111111111 00011110
